{
  "nbformat": 4,
  "nbformat_minor": 0,
  "metadata": {
    "colab": {
      "provenance": []
    },
    "kernelspec": {
      "name": "python3",
      "display_name": "Python 3"
    },
    "language_info": {
      "name": "python"
    }
  },
  "cells": [
    {
      "cell_type": "code",
      "execution_count": null,
      "metadata": {
        "id": "QXqjMjtakuA0"
      },
      "outputs": [],
      "source": [
        "sentences = [\n",
        "\"I am from India. India is the 3rd strongest in military and 1st in the world for population.\",\n",
        "\"For clean energy geneartion, government of India have started Solar panel policy, to help reduce the pollution and its good for the enviornment.\",\n",
        "\n",
        "\"India is the cultural hub for many sports and tradition.\",\n",
        "\"There where many instance for which World Cup T20 series where done in India.\",\n",
        "\n",
        "\"India is rapidly emerging as a global AI powerhouse, driven by the IndiaAI Mission which aims to build sovereign compute capacity (38,000+ GPUs), indigenous models, and foster a robust startup ecosystem. Focused on \\\"AI for All,\\\" it aims to leverage AI in healthcare, agriculture, and governance, expecting a $126 Bn market by 2030. \",\n",
        "\"As of late February 2026, India's tech landscape is dominated by rapid AI adoption, major semiconductor manufacturing milestones, and new flagship smartphone launches. Key developments include the launch of the AI-powered iQOO 15R, the establishment of the HCL-Foxconn India Chip facility in Noida, and Nvidia's partnership to build an AI Superpark in Bengaluru.\",\n",
        "\"The iQOO 15R was launched with a Snapdragon 8 Gen 5 processor and 7,600mAh battery. Realme launched the P4 Lite with a 6,300mAh battery. The Samsung Galaxy S26 series is set to debut, featuring AI-integrated capabilities.\"\n",
        "]"
      ]
    },
    {
      "cell_type": "code",
      "metadata": {
        "id": "aac1fdb9"
      },
      "source": [
        "#embedding using TF-IDF approach\n",
        "tfidf_vectorizer = TfidfVectorizer()\n",
        "tfidf_matrix = tfidf_vectorizer.fit_transform(sentences)"
      ],
      "execution_count": null,
      "outputs": []
    },
    {
      "cell_type": "code",
      "source": [
        "import numpy as np\n",
        "import pandas as pd\n",
        "from sklearn.feature_extraction.text import CountVectorizer #TF-Bow\n",
        "from sklearn.feature_extraction.text import TfidfVectorizer #TFIDF\n",
        "from sklearn.metrics.pairwise import cosine_similarity"
      ],
      "metadata": {
        "id": "7BLNuGCLnEKS"
      },
      "execution_count": null,
      "outputs": []
    },
    {
      "cell_type": "code",
      "source": [
        "#embeddingt using TF-Bow approach\n",
        "tf_vectorizer = CountVectorizer()\n",
        "tf_matrix = tf_vectorizer.fit_transform(sentences)"
      ],
      "metadata": {
        "id": "IKriVFasnl6x"
      },
      "execution_count": null,
      "outputs": []
    },
    {
      "cell_type": "code",
      "source": [
        "tf_matrix"
      ],
      "metadata": {
        "colab": {
          "base_uri": "https://localhost:8080/"
        },
        "id": "7HsXYyWMo29z",
        "outputId": "8d5a874e-ce4b-458d-f5fa-2567433fbb17"
      },
      "execution_count": null,
      "outputs": [
        {
          "output_type": "execute_result",
          "data": {
            "text/plain": [
              "<Compressed Sparse Row sparse matrix of dtype 'int64'\n",
              "\twith 176 stored elements and shape (7, 135)>"
            ]
          },
          "metadata": {},
          "execution_count": 33
        }
      ]
    },
    {
      "cell_type": "code",
      "source": [
        "tf_similarity = cosine_similarity(tf_matrix)\n",
        "tf_similarity"
      ],
      "metadata": {
        "colab": {
          "base_uri": "https://localhost:8080/"
        },
        "id": "OQHa8pAapCcs",
        "outputId": "4c7399bf-5f76-49f7-8164-edcf1d980561"
      },
      "execution_count": null,
      "outputs": [
        {
          "output_type": "execute_result",
          "data": {
            "text/plain": [
              "array([[1.        , 0.36115756, 0.46156633, 0.31277162, 0.2586303 ,\n",
              "        0.42971471, 0.24866795],\n",
              "       [0.36115756, 1.        , 0.36514837, 0.14433757, 0.21483446,\n",
              "        0.33398629, 0.22951012],\n",
              "       [0.46156633, 0.36514837, 1.        , 0.23717082, 0.23533936,\n",
              "        0.30869745, 0.23570226],\n",
              "       [0.31277162, 0.14433757, 0.23717082, 1.        , 0.12403473,\n",
              "        0.10846523, 0.0372678 ],\n",
              "       [0.2586303 , 0.21483446, 0.23533936, 0.12403473, 1.        ,\n",
              "        0.37669676, 0.20339007],\n",
              "       [0.42971471, 0.33398629, 0.30869745, 0.10846523, 0.37669676,\n",
              "        1.        , 0.33954988],\n",
              "       [0.24866795, 0.22951012, 0.23570226, 0.0372678 , 0.20339007,\n",
              "        0.33954988, 1.        ]])"
            ]
          },
          "metadata": {},
          "execution_count": 34
        }
      ]
    },
    {
      "cell_type": "code",
      "source": [
        "#embeddingt using Tfidf-Bow approach\n",
        "tfidf_vectorizer = TfidfVectorizer()\n",
        "tfidf_matrix = tfidf_vectorizer.fit_transform(sentences)\n",
        "\n",
        "tfidf_matrix\n",
        "\n",
        "tfidf_similarity = cosine_similarity(tfidf_matrix)\n",
        "tfidf_similarity"
      ],
      "metadata": {
        "colab": {
          "base_uri": "https://localhost:8080/"
        },
        "id": "9AjHraeCqhMi",
        "outputId": "c3f74596-7552-4caa-cf78-672596869307"
      },
      "execution_count": null,
      "outputs": [
        {
          "output_type": "execute_result",
          "data": {
            "text/plain": [
              "array([[1.        , 0.14585158, 0.20400199, 0.17911789, 0.11177592,\n",
              "        0.1970435 , 0.09263886],\n",
              "       [0.14585158, 1.        , 0.14122258, 0.05268949, 0.08167347,\n",
              "        0.16302264, 0.07736193],\n",
              "       [0.20400199, 0.14122258, 1.        , 0.13899995, 0.08681232,\n",
              "        0.11720413, 0.08333384],\n",
              "       [0.17911789, 0.05268949, 0.13899995, 1.        , 0.06354896,\n",
              "        0.04639471, 0.03298098],\n",
              "       [0.11177592, 0.08167347, 0.08681232, 0.06354896, 1.        ,\n",
              "        0.22072405, 0.08954557],\n",
              "       [0.1970435 , 0.16302264, 0.11720413, 0.04639471, 0.22072405,\n",
              "        1.        , 0.15596634],\n",
              "       [0.09263886, 0.07736193, 0.08333384, 0.03298098, 0.08954557,\n",
              "        0.15596634, 1.        ]])"
            ]
          },
          "metadata": {},
          "execution_count": 35
        }
      ]
    },
    {
      "cell_type": "code",
      "source": [
        "#finding document similarity\n",
        "\n",
        "def doc_sim(similarity_matrix,sentences):\n",
        "  for i in range(len(sentences)):\n",
        "    sims = similarity_matrix[i].copy()\n",
        "    sims[i]=-1\n",
        "    top_index = np.argmax(sims)\n",
        "    print(sentences[i], \"   --->   \", sentences[top_index])"
      ],
      "metadata": {
        "id": "h6qybznvrnn2"
      },
      "execution_count": null,
      "outputs": []
    },
    {
      "cell_type": "code",
      "source": [
        "doc_sim(tfidf_similarity,sentences)"
      ],
      "metadata": {
        "colab": {
          "base_uri": "https://localhost:8080/"
        },
        "id": "dsLRZ1VxuJPE",
        "outputId": "cea3250c-37fb-44ae-e6c3-eb51889f7d14"
      },
      "execution_count": null,
      "outputs": [
        {
          "output_type": "stream",
          "name": "stdout",
          "text": [
            "I am from India. India is the 3rd strongest in military and 1st in the world for population.    --->    India is the cultural hub for many sports and tradition.\n",
            "For clean energy geneartion, government of India have started Solar panel policy, to help reduce the pollution and its good for the enviornment.    --->    As of late February 2026, India's tech landscape is dominated by rapid AI adoption, major semiconductor manufacturing milestones, and new flagship smartphone launches. Key developments include the launch of the AI-powered iQOO 15R, the establishment of the HCL-Foxconn India Chip facility in Noida, and Nvidia's partnership to build an AI Superpark in Bengaluru.\n",
            "India is the cultural hub for many sports and tradition.    --->    I am from India. India is the 3rd strongest in military and 1st in the world for population.\n",
            "There where many instance for which World Cup T20 series where done in India.    --->    I am from India. India is the 3rd strongest in military and 1st in the world for population.\n",
            "India is rapidly emerging as a global AI powerhouse, driven by the IndiaAI Mission which aims to build sovereign compute capacity (38,000+ GPUs), indigenous models, and foster a robust startup ecosystem. Focused on \"AI for All,\" it aims to leverage AI in healthcare, agriculture, and governance, expecting a $126 Bn market by 2030.     --->    As of late February 2026, India's tech landscape is dominated by rapid AI adoption, major semiconductor manufacturing milestones, and new flagship smartphone launches. Key developments include the launch of the AI-powered iQOO 15R, the establishment of the HCL-Foxconn India Chip facility in Noida, and Nvidia's partnership to build an AI Superpark in Bengaluru.\n",
            "As of late February 2026, India's tech landscape is dominated by rapid AI adoption, major semiconductor manufacturing milestones, and new flagship smartphone launches. Key developments include the launch of the AI-powered iQOO 15R, the establishment of the HCL-Foxconn India Chip facility in Noida, and Nvidia's partnership to build an AI Superpark in Bengaluru.    --->    India is rapidly emerging as a global AI powerhouse, driven by the IndiaAI Mission which aims to build sovereign compute capacity (38,000+ GPUs), indigenous models, and foster a robust startup ecosystem. Focused on \"AI for All,\" it aims to leverage AI in healthcare, agriculture, and governance, expecting a $126 Bn market by 2030. \n",
            "The iQOO 15R was launched with a Snapdragon 8 Gen 5 processor and 7,600mAh battery. Realme launched the P4 Lite with a 6,300mAh battery. The Samsung Galaxy S26 series is set to debut, featuring AI-integrated capabilities.    --->    As of late February 2026, India's tech landscape is dominated by rapid AI adoption, major semiconductor manufacturing milestones, and new flagship smartphone launches. Key developments include the launch of the AI-powered iQOO 15R, the establishment of the HCL-Foxconn India Chip facility in Noida, and Nvidia's partnership to build an AI Superpark in Bengaluru.\n"
          ]
        }
      ]
    }
  ]
}